b 87 2
0 ab 1 2 3 4 5 6 7 14 43
1 ad 0 2 3 4 5 6 7 18 31 51 67
2 ah 0 1 3 4 5 6 7 19 56 65 73
3 am 0 1 2 4 5 6 7 13 21 35 41 48 52 57
4 an 0 1 2 3 5 6 7 22 36 58 76
5 as 0 1 2 3 4 6 7 9 37 78 80
6 at 0 1 2 3 4 5 7 23 25 38 72
7 ax 0 1 2 3 4 5 6 24 40 62 84
8 be 9 10 15 28 32 46 68 81 85
9 bs 5 8 10 37 78 80
10 by 8 9 50
11 cc 12 13
12 cf 11 13 33 55
13 cm 3 11 12 21 35 41 48 52 57
14 db 0 15 16 17 43
15 de 8 14 16 17 28 32 46 68 81 85
16 do 14 15 17 26 30 44 53 71 75
17 du 14 15 16 49 54
18 ed 1 19 20 21 22 23 24 31 51 67
19 eh 2 18 20 21 22 23 24 56 65 73
20 el 18 19 21 22 23 24 47
21 em 3 13 18 19 20 22 23 24 35 41 48 52 57
22 en 4 18 19 20 21 23 24 36 58 76
23 et 6 18 19 20 21 22 24 25 38 72
24 ex 7 18 19 20 21 22 23 40 62 84
25 ft 6 23 38 72
26 go 16 30 44 53 71 75
27 ha 28 29 30 42 45 64
28 he 8 15 27 29 30 32 46 68 81 85
29 hi 27 28 30 34 66 69 70 74 79 82
30 ho 16 26 27 28 29 44 53 71 75
31 id 1 18 32 33 34 35 36 37 38 39 40 51 67
32 ie 8 15 28 31 33 34 35 36 37 38 39 40 46 68 81 85
33 if 12 31 32 34 35 36 37 38 39 40 55
34 ii 29 31 32 33 35 36 37 38 39 40 66 69 70 74 79 82
35 im 3 13 21 31 32 33 34 36 37 38 39 40 41 48 52 57
36 in 4 22 31 32 33 34 35 37 38 39 40 58 76
37 is 5 9 31 32 33 34 35 36 38 39 40 78 80
38 it 6 23 25 31 32 33 34 35 36 37 39 40 72
39 iv 31 32 33 34 35 36 37 38 40 83
40 ix 7 24 31 32 33 34 35 36 37 38 39 62 84
41 km 3 13 21 35 48 52 57
42 la 27 43 44 45 64
43 lb 0 14 42 44
44 lo 16 26 30 42 43 53 71 75
45 ma 27 42 46 47 48 49 50 64
46 me 8 15 28 32 45 47 48 49 50 68 81 85
47 ml 20 45 46 48 49 50
48 mm 3 13 21 35 41 45 46 47 49 50 52 57
49 mu 17 45 46 47 48 50 54
50 my 10 45 46 47 48 49
51 nd 1 18 31 52 53 54 67
52 nm 3 13 21 35 41 48 51 53 54 57
53 no 16 26 30 44 51 52 54 71 75
54 nu 17 49 51 52 53
55 of 12 33 56 57 58 59 60 61 62 63
56 oh 2 19 55 57 58 59 60 61 62 63 65 73
57 om 3 13 21 35 41 48 52 55 56 58 59 60 61 62 63
58 on 4 22 36 55 56 57 59 60 61 62 63 76
59 op 55 56 57 58 60 61 62 63 77
60 or 55 56 57 58 59 61 62 63 86
61 ow 55 56 57 58 59 60 62 63
62 ox 7 24 40 55 56 57 58 59 60 61 63 84
63 oz 55 56 57 58 59 60 61 62
64 pa 27 42 45 65 66
65 ph 2 19 56 64 66 73
66 pi 29 34 64 65 69 70 74 79 82
67 rd 1 18 31 51 68 69
68 re 8 15 28 32 46 67 69 81 85
69 ri 29 34 66 67 68 70 74 79 82
70 si 29 34 66 69 71 72 74 79 82
71 so 16 26 30 44 53 70 72 75
72 st 6 23 25 38 70 71
73 th 2 19 56 65 74 75
74 ti 29 34 66 69 70 73 75 79 82
75 to 16 26 30 44 53 71 73 74
76 un 4 22 36 58 77 78
77 up 59 76 78
78 us 5 9 37 76 77 80
79 vi 29 34 66 69 70 74 80 82
80 vs 5 9 37 78 79
81 we 8 15 28 32 46 68 85
82 xi 29 34 66 69 70 74 79 83 84
83 xv 39 82 84
84 xx 7 24 40 62 82 83
85 ye 8 15 28 32 46 68 81 86
86 yr 60 85
b 937 3
0 aby 35
1 ace 2 3 10 21 31 36 41 51 55 58 59 367
2 acl 1 3 14 23 56
3 act 1 2 8 18 25 33 38 45
4 add 5 6 7 13 30 52 560
5 ado 4 6 7 11 37 48 61 834
6 ads 4 5 7 28 50
7 adz 4 5 6
8 aft 3 18 25 33 38 45 202 563
9 aga 10 11 12 19 29 39
10 age 1 9 11 21 31 36 41 51 55 58 59
11 ago 5 9 10 37 48 61 204
12 aha 9 19 29 39
13 aid 4 14 15 16 17 18 30 52 82 167 249 291 335 417 451 496 684 736
14 ail 2 13 15 16 17 18 23 56 130 498 531 567 802
15 aim 13 14 16 17 18 43 170 337 499 532 686 860
16 ain 13 14 15 17 18 57 84 171 205 252 294 338 418 500 622 687 739 803 885 919
17 air 13 14 15 16 18 60 253 741
18 ait 3 8 13 14 15 16 17 25 33 38 45 87 131 254 296 341 420 455 534 624 689 743 805 887
19 ala 9 12 20 21 22 23 24 25 29 39
20 alb 19 21 22 23 24 25
21 ale 1 10 19 20 22 23 24 25 31 36 41 51 55 58 59
22 alk 19 20 21 23 24 25 42 47 53 209 372
23 all 2 14 19 20 21 22 24 25 56 210 373
24 alp 19 20 21 22 23 25 27 44 49
25 alt 3 8 18 19 20 21 22 23 24 33 38 45
26 ami 27 28 32
27 amp 24 26 28 44 49 375 839
28 ams 6 26 27 50 214 863
29 ana 9 12 19 30 31 32 33 34 35 39
30 and 4 13 29 31 32 33 34 35 52 216
31 ane 1 10 21 29 30 32 33 34 35 36 41 51 55 58 59 572 840
32 ani 26 29 30 31 33 34 35 841
33 ant 3 8 18 25 29 30 31 32 34 35 38 45
34 anu 29 30 31 32 33 35 297
35 any 0 29 30 31 32 33 34
36 ape 1 10 21 31 37 38 41 51 55 58 59 576
37 apo 5 11 36 38 48 61
38 apt 3 8 18 25 33 36 37 45 578 699
39 ara 9 12 19 29 40 41 42 43 44 45 103 220 579
40 arc 39 41 42 43 44 45 581
41 are 1 10 21 31 36 39 40 42 43 44 45 51 55 58 59 221 381 582 638 844
42 ark 22 39 40 41 43 44 45 47 53 223 382
43 arm 15 39 40 41 42 44 45
44 arp 24 27 39 40 41 42 43 45 49
45 art 3 8 18 25 33 38 39 40 41 42 43 44 583
46 ash 47 48 49 50
47 ask 22 42 46 48 49 50 53
48 aso 5 11 37 46 47 49 50 61 384 584 821
49 asp 24 27 44 46 47 48 50 225
50 ass 6 28 46 47 48 49
51 ate 1 10 21 31 36 41 55 58 59 847
52 aud 4 13 30 53 54 106 151 185 359 386 469 513 643
53 auk 22 42 47 52 54 927
54 aux 52 53 191 228 472 549 830
55 awe 1 10 21 31 36 41 51 56 57 58 59 230 589
56 awl 2 14 23 55 57 590
57 awn 16 55 56 591
58 axe 1 10 21 31 36 41 51 55 59
59 aye 1 10 21 31 36 41 51 55 58 60 115 192 233 475 550 652 707 832 899
60 ayr 17 59 772 833
61 azo 5 11 37 48
62 baa 63 64 65 66 67 68 69 70 71 72 73 89 103
63 bad 62 64 65 66 67 68 69 70 71 72 74 82 91 106 117 158 235 273 314 426 476 595 658 709 775 867
64 bag 62 63 65 66 67 68 69 70 71 72 76 83 92 107 236 274 316 389 427 477 518 660 710 776 868 929
65 bah 62 63 64 66 67 68 69 70 71 72 93 317 428 596 661 869 908
66 bam 62 63 64 65 67 68 69 70 71 72 109 118 161 276 318 391 429 663 778 910
67 ban 62 63 64 65 66 68 69 70 71 72 84 94 110 119 237 277 479 598 664 779 848 870
68 bap 62 63 64 65 66 67 69 70 71 72 96 120 278 319 430 480 519 599 665 711 781 911 930
69 bar 62 63 64 65 66 67 68 70 71 72 111 121 193 238 279 392 481 554 600 782 871
70 bas 62 63 64 65 66 67 68 69 71 72 78 86 112 280 320 431 601 849 872
71 bat 62 63 64 65 66 67 68 69 70 72 79 87 97 113 122 194 239 281 321 407 432 482 555 602 666 712 783 850
72 bay 62 63 64 65 66 67 68 69 70 71 80 100 114 124 163 241 282 323 394 436 485 521 607 668 716 875
73 bea 62 74 75 76 77 78 79 80 89 103 408 438 486 608 718 788 913
74 bed 63 73 75 76 77 78 79 80 82 91 106 242 409 439 487 671 789 877 931
75 bee 73 74 76 77 78 79 80 115 243 284 324 440 488 523 609 672 720 790 852 878 932
76 beg 64 73 74 75 77 78 79 80 83 92 107 199 411 441 610 721 792 853
77 bel 73 74 75 76 78 79 80 108 200 285 326 793
78 bes 70 73 74 75 76 77 79 80 86 112 444 614 676 916
79 bet 71 73 74 75 76 77 78 80 87 97 113 288 395 445 492 526 615 677 726 854 880 917
80 bey 72 73 74 75 76 77 78 79 100 114 166 246 289 333 416 449 528 680 729
81 bib 82 83 84 85 86 87 88 90 105 248 290 396 450 530 683 734
82 bid 13 63 74 81 83 84 85 86 87 88 91 106 167 249 291 335 417 451 496 684 736
83 big 64 76 81 82 84 85 86 87 88 92 107 128 169 251 293 397 497 621 685 738 884 934
84 bin 16 67 81 82 83 85 86 87 88 94 110 171 205 252 294 338 418 500 622 687 739 803 885 919
85 bio 81 82 83 84 86 87 88 95 172
86 bis 70 78 81 82 83 84 85 87 88 112 340 742 861 886
87 bit 18 71 79 81 82 83 84 85 86 88 97 113 131 254 296 341 420 455 534 624 689 743 805 887
88 biz 81 82 83 84 85 86 87 101 421 862 888
89 boa 62 73 90 91 92 93 94 95 96 97 98 99 100 101 103 422 502
90 bob 81 89 91 92 93 94 95 96 97 98 99 100 101 105 133 258 298 343 398 423 458 503 536 690 748 921
91 bod 63 74 82 89 90 92 93 94 95 96 97 98 99 100 101 106 134 299 345 459 504 537 628 692 749 808 922
92 bog 64 76 83 89 90 91 93 94 95 96 97 98 99 100 101 107 135 178 260 300 347 399 460 505 538 810 890
93 boh 65 89 90 91 92 94 95 96 97 98 99 100 101 179 539 575 750
94 bon 67 84 89 90 91 92 93 95 96 97 98 99 100 101 110 138 181 218 349 380 540 632 751 812 864 892 924
95 boo 85 89 90 91 92 93 94 96 97 98 99 100 101 139 301 350 461 507 695 752 813 893 936
96 bop 68 89 90 91 92 93 94 95 97 98 99 100 101 140 261 351 462 508 633 753 814 894
97 bot 71 79 87 89 90 91 92 93 94 95 96 98 99 100 101 113 142 182 302 352 401 465 511 542 634 696 755 816 895
98 bow 89 90 91 92 93 94 95 96 97 99 100 101 143 353 402 466 512 543 635 698 757 817 865 896 926
99 box 89 90 91 92 93 94 95 96 97 98 100 101 144 264 467 544 636 758 866
100 boy 72 80 89 90 91 92 93 94 95 96 97 98 99 101 114 145 303 354 403 468 759 818
101 boz 88 89 90 91 92 93 94 95 96 97 98 99 100 146
102 bpi 
103 bra 39 62 73 89 220 579
104 btu 
105 bub 81 90 106 107 108 109 110 111 112 113 114 150 184 358 546 642 700 763 823
106 bud 52 63 74 82 91 105 107 108 109 110 111 112 113 114 151 185 359 386 469 513 643
107 bug 64 76 83 92 105 106 108 109 110 111 112 113 114 187 361 404 470 514 644 702 824
108 bul 77 105 106 107 109 110 111 112 113 114 304 645
109 bum 66 105 106 107 108 110 111 112 113 114 153 268 305 363 471 515 656 704 765 826
110 bun 67 84 94 105 106 107 108 109 111 112 113 114 188 269 306 547 646 705 766 827
111 bur 69 105 106 107 108 109 110 112 113 114 155 270 307 586 769
112 bus 70 78 86 105 106 107 108 109 110 111 113 114 365 405 648 898
113 but 71 79 87 97 105 106 107 108 109 110 111 112 114 156 308 366 406 548 587 649 706 829
114 buy 72 80 100 105 106 107 108 109 110 111 112 113 310 650
115 bye 59 75 192 233 475 550 652 707 832 899
116 cab 117 118 119 120 121 122 123 124 133 150 157 234 272 388 425 516 774
117 cad 63 116 118 119 120 121 122 123 124 134 151 158 235 273 314 426 476 595 658 709 775 867
118 cam 66 116 117 119 120 121 122 123 124 137 153 161 276 318 391 429 663 778 910
119 can 67 116 117 118 120 121 122 123 124 138 237 277 479 598 664 779 848 870
120 cap 68 116 117 118 119 121 122 123 124 125 140 154 278 319 430 480 519 599 665 711 781 911 930
121 car 69 116 117 118 119 120 122 123 124 147 155 193 238 279 392 481 554 600 782 871
122 cat 71 116 117 118 119 120 121 123 124 131 142 156 194 239 281 321 407 432 482 555 602 666 712 783 850
123 caw 116 117 118 119 120 121 122 124 143 162 322 393 434 483 520 605 667 714 786 873 912
124 cay 72 116 117 118 119 120 121 122 123 145 149 163 241 282 323 394 436 485 521 607 668 716 875
125 cep 120 140 154 329 413 612 674 915
126 chi 129 618
127 cic 128 129 130 131 132 334 619 735 800 857
128 cig 83 127 129 130 131 132 135 169 251 293 397 497 621 685 738 884 934
129 cii 126 127 128 130 131 132 371 453 859 901
130 cil 14 127 128 129 131 132 136 498 531 567 802
131 cit 18 87 122 127 128 129 130 132 142 156 254 296 341 420 455 534 624 689 743 805 887
132 civ 127 128 129 130 131 175 807 902
133 cob 90 116 134 135 136 137 138 139 140 141 142 143 144 145 146 150 258 298 343 398 423 458 503 536 690 748 921
134 cod 91 117 133 135 136 137 138 139 140 141 142 143 144 145 146 151 299 345 459 504 537 628 692 749 808 922
135 cog 92 128 133 134 136 137 138 139 140 141 142 143 144 145 146 178 260 300 347 399 460 505 538 810 890
136 col 130 133 134 135 137 138 139 140 141 142 143 144 145 146 630
137 com 118 133 134 135 136 138 139 140 141 142 143 144 145 146 153 180 506 631 811 923
138 con 94 119 133 134 135 136 137 139 140 141 142 143 144 145 146 181 218 349 380 540 632 751 812 864 892 924
139 coo 95 133 134 135 136 137 138 140 141 142 143 144 145 146 301 350 461 507 695 752 813 893 936
140 cop 96 120 125 133 134 135 136 137 138 139 141 142 143 144 145 146 154 261 351 462 508 633 753 814 894
141 cos 133 134 135 136 137 138 139 140 142 143 144 145 146 219 400 464 510 754
142 cot 97 122 131 133 134 135 136 137 138 139 140 141 143 144 145 146 156 182 302 352 401 465 511 542 634 696 755 816 895
143 cow 98 123 133 134 135 136 137 138 139 140 141 142 144 145 146 353 402 466 512 543 635 698 757 817 865 896 926
144 cox 99 133 134 135 136 137 138 139 140 141 142 143 145 146 264 467 544 636 758 866
145 coy 100 124 133 134 135 136 137 138 139 140 141 142 143 144 146 149 303 354 403 468 759 818
146 coz 101 133 134 135 136 137 138 139 140 141 142 143 144 145
147 cpr 121 155
148 cru 149
149 cry 124 145 148 183 266 640 820 897
150 cub 105 116 133 151 152 153 154 155 156 184 358 546 642 700 763 823
151 cud 52 106 117 134 150 152 153 154 155 156 185 359 386 469 513 643
152 cue 150 151 153 154 155 156 186 360 701 764
153 cum 109 118 137 150 151 152 154 155 156 268 305 363 471 515 656 704 765 826
154 cup 120 125 140 150 151 152 153 155 156 190 364 647 768 828 928
155 cur 111 121 147 150 151 152 153 154 156 270 307 586 769
156 cut 113 122 131 142 150 151 152 153 154 155 308 366 406 548 587 649 706 829
157 dab 116 158 159 160 161 162 163 184 234 272 388 425 516 774
158 dad 63 117 157 159 160 161 162 163 167 185 235 273 314 426 476 595 658 709 775 867
159 dak 157 158 160 161 162 163 553 909
160 dal 157 158 159 161 162 163 275 478 597
161 dam 66 118 157 158 159 160 162 163 170 180 276 318 391 429 663 778 910
162 daw 123 157 158 159 160 161 163 165 322 393 434 483 520 605 667 714 786 873 912
163 day 72 124 157 158 159 160 161 162 166 183 241 282 323 394 436 485 521 607 668 716 875
164 den 165 166 171 181 188 244 287 328 412 490 611 723 794 879 914
165 dew 162 164 166 245 331 414 494 527 616 679 727 918
166 dey 80 163 164 165 183 246 289 333 416 449 528 680 729
167 did 13 82 158 168 169 170 171 172 173 174 175 185 249 291 335 417 451 496 684 736
168 die 167 169 170 171 172 173 174 175 177 186 192 250 292 336 452 620 737 801 858
169 dig 83 128 167 168 170 171 172 173 174 175 178 187 251 293 397 497 621 685 738 884 934
170 dim 15 161 167 168 169 171 172 173 174 175 180 337 499 532 686 860
171 din 16 84 164 167 168 169 170 172 173 174 175 181 188 205 252 294 338 418 500 622 687 739 803 885 919
172 dio 85 167 168 169 170 171 173 174 175 189
173 dip 167 168 169 170 171 172 174 175 190 295 339 419 454 533 623 688 740 804 920 935
174 diu 167 168 169 170 171 172 173 175 456 806
175 div 132 167 168 169 170 171 172 173 174 807 902
176 doc 177 178 179 180 181 182 344 691
177 doe 168 176 178 179 180 181 182 186 192 259 346 693 809 889
178 dog 92 135 169 176 177 179 180 181 182 187 260 300 347 399 460 505 538 810 890
179 doh 93 176 177 178 180 181 182 539 575 750
180 dom 137 161 170 176 177 178 179 181 182 506 631 811 923
181 don 94 138 164 171 176 177 178 179 180 182 188 218 349 380 540 632 751 812 864 892 924
182 dot 97 142 176 177 178 179 180 181 302 352 401 465 511 542 634 696 755 816 895
183 dry 149 163 166 266 640 820 897
184 dub 105 150 157 185 186 187 188 189 190 191 358 546 642 700 763 823
185 dud 52 106 151 158 167 184 186 187 188 189 190 191 359 386 469 513 643
186 due 152 168 177 184 185 187 188 189 190 191 192 360 701 764
187 dug 107 169 178 184 185 186 188 189 190 191 361 404 470 514 644 702 824
188 dun 110 164 171 181 184 185 186 187 189 190 191 269 306 547 646 705 766 827
189 duo 172 184 185 186 187 188 190 191 657 767
190 dup 154 173 184 185 186 187 188 189 191 364 647 768 828 928
191 dux 54 184 185 186 187 188 189 190 228 472 549 830
192 dye 59 115 168 177 186 233 475 550 652 707 832 899
193 ear 69 121 194 224 238 279 392 481 554 600 782 871
194 eat 71 122 193 202 232 239 281 321 407 432 482 555 602 666 712 783 850
195 ebb 
196 ech 197 559
197 eck 196 209 223
198 ede 206 221 229 230 233 369 561
199 eeg 76 200 203 222 411 441 610 721 792 853
200 eel 77 199 210 285 326 793
201 eff 202 208 213 562 881
202 eft 8 194 201 232 563
203 egg 199 204 222
204 ego 11 203 231
205 ein 16 84 171 218 252 294 338 418 500 622 687 739 803 885 919
206 eke 198 221 229 230 233 569
207 eld 208 209 210 211 212 216 570
208 elf 201 207 209 210 211 212 213
209 elk 22 197 207 208 210 211 212 223 372
210 ell 23 200 207 208 209 211 212 373
211 elm 207 208 209 210 212 571
212 els 207 208 209 210 211 214 217 219
213 emf 201 208 214 215
214 ems 28 212 213 215 217 219 863
215 emu 213 214
216 end 30 207 217
217 ens 212 214 216 219 378 573
218 eon 94 138 181 205 219 349 380 540 632 751 812 864 892 924
219 eos 141 212 214 217 218 400 464 510 754
220 era 39 103 221 222 223 224 226 579
221 ere 41 198 206 220 222 223 224 229 230 233 381 582 638 844
222 erg 199 203 220 221 223 224
223 erk 42 197 209 220 221 222 224 382
224 err 193 220 221 222 223
225 esp 49
226 eta 220 227
227 etc 226
228 eux 54 191 472 549 830
229 eve 198 206 221 230 233
230 ewe 55 198 206 221 229 233 589
231 exo 204 232
232 ext 194 202 231
233 eye 59 115 192 198 206 221 229 230 475 550 652 707 832 899
234 fab 116 157 235 236 237 238 239 240 241 248 258 272 388 425 516 774
235 fad 63 117 158 234 236 237 238 239 240 241 242 249 273 314 426 476 595 658 709 775 867
236 fag 64 234 235 237 238 239 240 241 251 260 274 316 389 427 477 518 660 710 776 868 929
237 fan 67 119 234 235 236 238 239 240 241 244 252 269 271 277 479 598 664 779 848 870
238 far 69 121 193 234 235 236 237 239 240 241 253 262 270 279 392 481 554 600 782 871
239 fat 71 122 194 234 235 236 237 238 240 241 254 281 321 407 432 482 555 602 666 712 783 850
240 fax 234 235 236 237 238 239 241 255 264 435 484 606 715 787 874
241 fay 72 124 163 234 235 236 237 238 239 240 246 257 266 282 323 394 436 485 521 607 668 716 875
242 fed 74 235 243 244 245 246 247 249 409 439 487 671 789 877 931
243 fee 75 242 244 245 246 247 250 259 284 324 440 488 523 609 672 720 790 852 878 932
244 fen 164 237 242 243 245 246 247 252 269 271 287 328 412 490 611 723 794 879 914
245 few 165 242 243 244 246 247 331 414 494 527 616 679 727 918
246 fey 80 166 241 242 243 244 245 247 257 266 289 333 416 449 528 680 729
247 fez 242 243 244 245 246 529
248 fib 81 234 249 250 251 252 253 254 255 258 290 396 450 530 683 734
249 fid 13 82 167 235 242 248 250 251 252 253 254 255 291 335 417 451 496 684 736
250 fie 168 243 248 249 251 252 253 254 255 259 292 336 452 620 737 801 858
251 fig 83 128 169 236 248 249 250 252 253 254 255 260 293 397 497 621 685 738 884 934
252 fin 16 84 171 205 237 244 248 249 250 251 253 254 255 269 271 294 338 418 500 622 687 739 803 885 919
253 fir 17 238 248 249 250 251 252 254 255 262 270 741
254 fit 18 87 131 239 248 249 250 251 252 253 255 296 341 420 455 534 624 689 743 805 887
255 fix 240 248 249 250 251 252 253 254 264 457 501 535 625 744 903
256 flu 257 263
257 fly 241 246 256 266 626 747
258 fob 90 133 234 248 259 260 261 262 263 264 298 343 398 423 458 503 536 690 748 921
259 foe 177 243 250 258 260 261 262 263 264 346 693 809 889
260 fog 92 135 178 236 251 258 259 261 262 263 264 300 347 399 460 505 538 810 890
261 fop 96 140 258 259 260 262 263 264 267 351 462 508 633 753 814 894
262 for 238 253 258 259 260 261 263 264 270 463 509 541 815
263 fou 256 258 259 260 261 262 264 697 756 925
264 fox 99 144 240 255 258 259 260 261 262 263 467 544 636 758 866
265 fro 266 639
266 fry 149 183 241 246 257 265 640 820 897
267 ftp 261
268 fum 109 153 269 270 305 363 471 515 656 704 765 826
269 fun 110 188 237 244 252 268 270 271 306 547 646 705 766 827
270 fur 111 155 238 253 262 268 269 307 586 769
271 fyn 237 244 252 269
272 gab 116 157 234 273 274 275 276 277 278 279 280 281 282 290 298 388 425 516 774
273 gad 63 117 158 235 272 274 275 276 277 278 279 280 281 282 291 299 314 426 476 595 658 709 775 867
274 gag 64 236 272 273 275 276 277 278 279 280 281 282 293 300 316 389 427 477 518 660 710 776 868 929
275 gal 160 272 273 274 276 277 278 279 280 281 282 285 304 478 597
276 gam 66 118 161 272 273 274 275 277 278 279 280 281 282 286 305 311 318 391 429 663 778 910
277 gan 67 119 237 272 273 274 275 276 278 279 280 281 282 287 294 306 479 598 664 779 848 870
278 gap 68 120 272 273 274 275 276 277 279 280 281 282 295 312 319 430 480 519 599 665 711 781 911 930
279 gar 69 121 193 238 272 273 274 275 276 277 278 280 281 282 307 392 481 554 600 782 871
280 gas 70 272 273 274 275 276 277 278 279 281 282 320 431 601 849 872
281 gat 71 122 194 239 272 273 274 275 276 277 278 279 280 282 288 296 302 308 321 407 432 482 555 602 666 712 783 850
282 gay 72 124 163 241 272 273 274 275 276 277 278 279 280 281 289 303 310 323 394 436 485 521 607 668 716 875
283 gec 284 285 286 287 288 289 670 719
284 gee 75 243 283 285 286 287 288 289 292 324 440 488 523 609 672 720 790 852 878 932
285 gel 77 200 275 283 284 286 287 288 289 304 326 793
286 gem 276 283 284 285 287 288 289 305 311 327 489
287 gen 164 244 277 283 284 285 286 288 289 294 306 328 412 490 611 723 794 879 914
288 get 79 281 283 284 285 286 287 289 296 302 308 395 445 492 526 615 677 726 854 880 917
289 gey 80 166 246 282 283 284 285 286 287 288 303 310 333 416 449 528 680 729
290 gib 81 248 272 291 292 293 294 295 296 298 396 450 530 683 734
291 gid 13 82 167 249 273 290 292 293 294 295 296 299 335 417 451 496 684 736
292 gie 168 250 284 290 291 293 294 295 296 336 452 620 737 801 858
293 gig 83 128 169 251 274 290 291 292 294 295 296 300 397 497 621 685 738 884 934
294 gin 16 84 171 205 252 277 287 290 291 292 293 295 296 306 338 418 500 622 687 739 803 885 919
295 gip 173 278 290 291 292 293 294 296 312 339 419 454 533 623 688 740 804 920 935
296 git 18 87 131 254 281 288 290 291 292 293 294 295 302 308 341 420 455 534 624 689 743 805 887
297 gnu 34
298 gob 90 133 258 272 290 299 300 301 302 303 343 398 423 458 503 536 690 748 921
299 god 91 134 273 291 298 300 301 302 303 345 459 504 537 628 692 749 808 922
300 gog 92 135 178 260 274 293 298 299 301 302 303 347 399 460 505 538 810 890
301 goo 95 139 298 299 300 302 303 350 461 507 695 752 813 893 936
302 got 97 142 182 281 288 296 298 299 300 301 303 308 352 401 465 511 542 634 696 755 816 895
303 goy 100 145 282 289 298 299 300 301 302 310 354 403 468 759 818
304 gul 108 275 285 305 306 307 308 309 310 645
305 gum 109 153 268 276 286 304 306 307 308 309 310 311 363 471 515 656 704 765 826
306 gun 110 188 269 277 287 294 304 305 307 308 309 310 547 646 705 766 827
307 gur 111 155 270 279 304 305 306 308 309 310 586 769
308 gut 113 156 281 288 296 302 304 305 306 307 309 310 366 406 548 587 649 706 829
309 guv 304 305 306 307 308 310
310 guy 114 282 289 303 304 305 306 307 308 309 650
311 gym 276 286 305 312 653 771
312 gyp 278 295 311
313 hac 314 315 316 317 318 319 320 321 322 323 334 344 708
314 had 63 117 158 235 273 313 315 316 317 318 319 320 321 322 323 335 345 359 426 476 595 658 709 775 867
315 hae 313 314 316 317 318 319 320 321 322 323 324 336 346 360 517
316 hag 64 236 274 313 314 315 317 318 319 320 321 322 323 347 361 389 427 477 518 660 710 776 868 929
317 hah 65 313 314 315 316 318 319 320 321 322 323 325 362 428 596 661 869 908
318 ham 66 118 161 276 313 314 315 316 317 319 320 321 322 323 327 337 342 363 391 429 663 778 910
319 hap 68 120 278 313 314 315 316 317 318 320 321 322 323 329 339 351 364 430 480 519 599 665 711 781 911 930
320 has 70 280 313 314 315 316 317 318 319 321 322 323 340 355 365 431 601 849 872
321 hat 71 122 194 239 281 313 314 315 316 317 318 319 320 322 323 341 352 366 407 432 482 555 602 666 712 783 850
322 haw 123 162 313 314 315 316 317 318 319 320 321 323 331 353 393 434 483 520 605 667 714 786 873 912
323 hay 72 124 163 241 282 313 314 315 316 317 318 319 320 321 322 333 354 394 436 485 521 607 668 716 875
324 hee 75 243 284 315 325 326 327 328 329 330 331 332 333 336 346 360 440 488 523 609 672 720 790 852 878 932
325 heh 317 324 326 327 328 329 330 331 332 333 362
326 hel 77 200 285 324 325 327 328 329 330 331 332 333 793
327 hem 286 318 324 325 326 328 329 330 331 332 333 337 342 363 489
328 hen 164 244 287 324 325 326 327 329 330 331 332 333 338 349 412 490 611 723 794 879 914
329 hep 125 319 324 325 326 327 328 330 331 332 333 339 351 364 413 612 674 915
330 her 324 325 326 327 328 329 331 332 333 491 613 725 795
331 hew 165 245 322 324 325 326 327 328 329 330 332 333 353 414 494 527 616 679 727 918
332 hex 324 325 326 327 328 329 330 331 333 415 448 728 855
333 hey 80 166 246 289 323 324 325 326 327 328 329 330 331 332 354 416 449 528 680 729
334 hic 127 313 335 336 337 338 339 340 341 344 619 735 800 857
335 hid 13 82 167 249 291 314 334 336 337 338 339 340 341 345 359 417 451 496 684 736
336 hie 168 250 292 315 324 334 335 337 338 339 340 341 346 360 452 620 737 801 858
337 him 15 170 318 327 334 335 336 338 339 340 341 342 363 499 532 686 860
338 hin 16 84 171 205 252 294 328 334 335 336 337 339 340 341 349 418 500 622 687 739 803 885 919
339 hip 173 295 319 329 334 335 336 337 338 340 341 351 364 419 454 533 623 688 740 804 920 935
340 his 86 320 334 335 336 337 338 339 341 355 365 742 861 886
341 hit 18 87 131 254 296 321 334 335 336 337 338 339 340 352 366 420 455 534 624 689 743 805 887
342 hmm 318 327 337 363
343 hob 90 133 258 298 344 345 346 347 348 349 350 351 352 353 354 358 398 423 458 503 536 690 748 921
344 hoc 176 313 334 343 345 346 347 348 349 350 351 352 353 354 691
345 hod 91 134 299 314 335 343 344 346 347 348 349 350 351 352 353 354 359 459 504 537 628 692 749 808 922
346 hoe 177 259 315 324 336 343 344 345 347 348 349 350 351 352 353 354 360 693 809 889
347 hog 92 135 178 260 300 316 343 344 345 346 348 349 350 351 352 353 354 361 399 460 505 538 810 890
348 hoi 343 344 345 346 347 349 350 351 352 353 354 356 629 694
349 hon 94 138 181 218 328 338 343 344 345 346 347 348 350 351 352 353 354 380 540 632 751 812 864 892 924
350 hoo 95 139 301 343 344 345 346 347 348 349 351 352 353 354 461 507 695 752 813 893 936
351 hop 96 140 261 319 329 339 343 344 345 346 347 348 349 350 352 353 354 364 462 508 633 753 814 894
352 hot 97 142 182 302 321 341 343 344 345 346 347 348 349 350 351 353 354 366 401 465 511 542 634 696 755 816 895
353 how 98 143 322 331 343 344 345 346 347 348 349 350 351 352 354 402 466 512 543 635 698 757 817 865 896 926
354 hoy 100 145 303 323 333 343 344 345 346 347 348 349 350 351 352 353 403 468 759 818
355 hrs 320 340 365
356 hsi 348 641
357 hua 358 359 360 361 362 363 364 365 366 655
358 hub 105 150 184 343 357 359 360 361 362 363 364 365 366 546 642 700 763 823
359 hud 52 106 151 185 314 335 345 357 358 360 361 362 363 364 365 366 386 469 513 643
360 hue 152 186 315 324 336 346 357 358 359 361 362 363 364 365 366 701 764
361 hug 107 187 316 347 357 358 359 360 362 363 364 365 366 404 470 514 644 702 824
362 huh 317 325 357 358 359 360 361 363 364 365 366 703
363 hum 109 153 268 305 318 327 337 342 357 358 359 360 361 362 364 365 366 471 515 656 704 765 826
364 hup 154 190 319 329 339 351 357 358 359 360 361 362 363 365 366 647 768 828 928
365 hus 112 320 340 355 357 358 359 360 361 362 363 364 366 405 648 898
366 hut 113 156 308 321 341 352 357 358 359 360 361 362 363 364 365 406 548 587 649 706 829
367 ice 1 368 369 370 374 381
368 icy 367 387
369 ide 198 367 370 374 381 561
370 ife 367 369 374 381
371 iii 129 453 859 901
372 ilk 22 209 373 376 382
373 ill 23 210 372
374 ime 367 369 370 375 381
375 imp 27 374 839
376 ink 372 377 378 379 382
377 inn 376 378 379 380
378 ins 217 376 377 379 385 573
379 inv 376 377 378
380 ion 94 138 181 218 349 377 540 632 751 812 864 892 924
381 ire 41 221 367 369 370 374 382 582 638 844
382 irk 42 223 372 376 381
383 ism 384
384 iso 48 383 584 821
385 its 378
386 iud 52 106 151 185 359 469 513 643
387 ivy 368
388 jab 116 157 234 272 389 390 391 392 393 394 396 398 425 516 774
389 jag 64 236 274 316 388 390 391 392 393 394 397 399 404 427 477 518 660 710 776 868 929
390 jai 388 389 391 392 393 394
391 jam 66 118 161 276 318 388 389 390 392 393 394 429 663 778 910
392 jar 69 121 193 238 279 388 389 390 391 393 394 481 554 600 782 871
393 jaw 123 162 322 388 389 390 391 392 394 402 434 483 520 605 667 714 786 873 912
394 jay 72 124 163 241 282 323 388 389 390 391 392 393 403 436 485 521 607 668 716 875
395 jet 79 288 401 406 445 492 526 615 677 726 854 880 917
396 jib 81 248 290 388 397 398 450 530 683 734
397 jig 83 128 169 251 293 389 396 399 404 497 621 685 738 884 934
398 job 90 133 258 298 343 388 396 399 400 401 402 403 423 458 503 536 690 748 921
399 jog 92 135 178 260 300 347 389 397 398 400 401 402 403 404 460 505 538 810 890
400 jos 141 219 398 399 401 402 403 405 464 510 754
401 jot 97 142 182 302 352 395 398 399 400 402 403 406 465 511 542 634 696 755 816 895
402 jow 98 143 353 393 398 399 400 401 403 466 512 543 635 698 757 817 865 896 926
403 joy 100 145 303 354 394 398 399 400 401 402 468 759 818
404 jug 107 187 361 389 397 399 405 406 470 514 644 702 824
405 jus 112 365 400 404 406 648 898
406 jut 113 156 308 366 395 401 404 405 548 587 649 706 829
407 kat 71 122 194 239 281 321 420 432 482 555 602 666 712 783 850
408 kea 73 409 410 411 412 413 414 415 416 422 438 486 608 718 788 913
409 ked 74 242 408 410 411 412 413 414 415 416 417 439 487 671 789 877 931
410 kef 408 409 411 412 413 414 415 416 673 791
411 keg 76 199 408 409 410 412 413 414 415 416 441 610 721 792 853
412 ken 164 244 287 328 408 409 410 411 413 414 415 416 418 490 611 723 794 879 914
413 kep 125 329 408 409 410 411 412 414 415 416 419 612 674 915
414 kew 165 245 331 408 409 410 411 412 413 415 416 494 527 616 679 727 918
415 kex 332 408 409 410 411 412 413 414 416 448 728 855
416 key 80 166 246 289 333 408 409 410 411 412 413 414 415 449 528 680 729
417 kid 13 82 167 249 291 335 409 418 419 420 421 451 496 684 736
418 kin 16 84 171 205 252 294 338 412 417 419 420 421 500 622 687 739 803 885 919
419 kip 173 295 339 413 417 418 420 421 454 533 623 688 740 804 920 935
420 kit 18 87 131 254 296 341 407 417 418 419 421 455 534 624 689 743 805 887
421 kiz 88 417 418 419 420 862 888
422 koa 89 408 423 502
423 kob 90 133 258 298 343 398 422 458 503 536 690 748 921
424 kpc 
425 lab 116 157 234 272 388 426 427 428 429 430 431 432 433 434 435 436 450 458 516 774
426 lad 63 117 158 235 273 314 425 427 428 429 430 431 432 433 434 435 436 439 451 459 469 476 595 658 709 775 867
427 lag 64 236 274 316 389 425 426 428 429 430 431 432 433 434 435 436 441 460 470 477 518 660 710 776 868 929
428 lah 65 317 425 426 427 429 430 431 432 433 434 435 436 596 661 869 908
429 lam 66 118 161 276 318 391 425 426 427 428 430 431 432 433 434 435 436 471 663 778 910
430 lap 68 120 278 319 425 426 427 428 429 431 432 433 434 435 436 454 462 480 519 599 665 711 781 911 930
431 las 70 280 320 425 426 427 428 429 430 432 433 434 435 436 437 444 464 601 849 872
432 lat 71 122 194 239 281 321 407 425 426 427 428 429 430 431 433 434 435 436 445 455 465 482 555 602 666 712 783 850
433 lav 425 426 427 428 429 430 431 432 434 435 436 447 604 713 785 851
434 law 123 162 322 393 425 426 427 428 429 430 431 432 433 435 436 466 483 520 605 667 714 786 873 912
435 lax 240 425 426 427 428 429 430 431 432 433 434 436 448 457 467 472 484 606 715 787 874
436 lay 72 124 163 241 282 323 394 425 426 427 428 429 430 431 432 433 434 435 449 468 485 521 607 668 716 875
437 lbs 431 444 464
438 lea 73 408 439 440 441 442 443 444 445 446 447 448 449 486 608 718 788 913
439 led 74 242 409 426 438 440 441 442 443 444 445 446 447 448 449 451 459 469 487 671 789 877 931
440 lee 75 243 284 324 438 439 441 442 443 444 445 446 447 448 449 452 475 488 523 609 672 720 790 852 878 932
441 leg 76 199 411 427 438 439 440 442 443 444 445 446 447 448 449 460 470 610 721 792 853
442 lei 438 439 440 441 443 444 445 446 447 448 449 453 473 474 722
443 lek 438 439 440 441 442 444 445 446 447 448 449 524
444 les 78 431 437 438 439 440 441 442 443 445 446 447 448 449 464 614 676 916
445 let 79 288 395 432 438 439 440 441 442 443 444 446 447 448 449 455 465 492 526 615 677 726 854 880 917
446 leu 438 439 440 441 442 443 444 445 447 448 449 456 493
447 lev 433 438 439 440 441 442 443 444 445 446 448 449 678
448 lex 332 415 435 438 439 440 441 442 443 444 445 446 447 449 457 467 472 728 855
449 ley 80 166 246 289 333 416 436 438 439 440 441 442 443 444 445 446 447 448 468 528 680 729
450 lib 81 248 290 396 425 451 452 453 454 455 456 457 458 530 683 734
451 lid 13 82 167 249 291 335 417 426 439 450 452 453 454 455 456 457 459 469 496 684 736
452 lie 168 250 292 336 440 450 451 453 454 455 456 457 475 620 737 801 858
453 lii 129 371 442 450 451 452 454 455 456 457 473 474 859 901
454 lip 173 295 339 419 430 450 451 452 453 455 456 457 462 533 623 688 740 804 920 935
455 lit 18 87 131 254 296 341 420 432 445 450 451 452 453 454 456 457 465 534 624 689 743 805 887
456 liu 174 446 450 451 452 453 454 455 457 806
457 lix 255 435 448 450 451 452 453 454 455 456 467 472 501 535 625 744 903
458 lob 90 133 258 298 343 398 423 425 450 459 460 461 462 463 464 465 466 467 468 503 536 690 748 921
459 lod 91 134 299 345 426 439 451 458 460 461 462 463 464 465 466 467 468 469 504 537 628 692 749 808 922
460 log 92 135 178 260 300 347 399 427 441 458 459 461 462 463 464 465 466 467 468 470 505 538 810 890
461 loo 95 139 301 350 458 459 460 462 463 464 465 466 467 468 507 695 752 813 893 936
462 lop 96 140 261 351 430 454 458 459 460 461 463 464 465 466 467 468 508 633 753 814 894
463 lor 262 458 459 460 461 462 464 465 466 467 468 509 541 815
464 los 141 219 400 431 437 444 458 459 460 461 462 463 465 466 467 468 510 754
465 lot 97 142 182 302 352 401 432 445 455 458 459 460 461 462 463 464 466 467 468 511 542 634 696 755 816 895
466 low 98 143 353 402 434 458 459 460 461 462 463 464 465 467 468 512 543 635 698 757 817 865 896 926
467 lox 99 144 264 435 448 457 458 459 460 461 462 463 464 465 466 468 472 544 636 758 866
468 loy 100 145 303 354 403 436 449 458 459 460 461 462 463 464 465 466 467 759 818
469 lud 52 106 151 185 359 386 426 439 451 459 470 471 472 513 643
470 lug 107 187 361 404 427 441 460 469 471 472 514 644 702 824
471 lum 109 153 268 305 363 429 469 470 472 515 656 704 765 826
472 lux 54 191 228 435 448 457 467 469 470 471 549 830
473 lvi 442 453 474 904
474 lxi 442 453 473 905
475 lye 59 115 192 233 440 452 550 652 707 832 899
476 mad 63 117 158 235 273 314 426 477 478 479 480 481 482 483 484 485 487 496 504 513 595 658 709 775 867
477 mag 64 236 274 316 389 427 476 478 479 480 481 482 483 484 485 497 505 514 518 660 710 776 868 929
478 mal 160 275 476 477 479 480 481 482 483 484 485 498 597
479 man 67 119 237 277 476 477 478 480 481 482 483 484 485 490 500 598 664 779 848 870
480 map 68 120 278 319 430 476 477 478 479 481 482 483 484 485 508 519 599 665 711 781 911 930
481 mar 69 121 193 238 279 392 476 477 478 479 480 482 483 484 485 491 509 554 600 782 871
482 mat 71 122 194 239 281 321 407 432 476 477 478 479 480 481 483 484 485 492 511 555 602 666 712 783 850
483 maw 123 162 322 393 434 476 477 478 479 480 481 482 484 485 494 512 520 605 667 714 786 873 912
484 max 240 435 476 477 478 479 480 481 482 483 485 501 606 715 787 874
485 may 72 124 163 241 282 323 394 436 476 477 478 479 480 481 482 483 484 521 607 668 716 875
486 mea 73 408 438 487 488 489 490 491 492 493 494 502 608 718 788 913
487 med 74 242 409 439 476 486 488 489 490 491 492 493 494 496 504 513 671 789 877 931
488 mee 75 243 284 324 440 486 487 489 490 491 492 493 494 523 609 672 720 790 852 878 932
489 mem 286 327 486 487 488 490 491 492 493 494 499 506 515
490 men 164 244 287 328 412 479 486 487 488 489 491 492 493 494 500 611 723 794 879 914
491 mer 330 481 486 487 488 489 490 492 493 494 509 613 725 795
492 met 79 288 395 445 482 486 487 488 489 490 491 493 494 511 526 615 677 726 854 880 917
493 meu 446 486 487 488 489 490 491 492 494
494 mew 165 245 331 414 483 486 487 488 489 490 491 492 493 512 527 616 679 727 918
495 mho 507 565 681 732 797 882
496 mid 13 82 167 249 291 335 417 451 476 487 497 498 499 500 501 504 513 684 736
497 mig 83 128 169 251 293 397 477 496 498 499 500 501 505 514 621 685 738 884 934
498 mil 14 130 478 496 497 499 500 501 531 567 802
499 mim 15 170 337 489 496 497 498 500 501 506 515 532 686 860
500 min 16 84 171 205 252 294 338 418 479 490 496 497 498 499 501 622 687 739 803 885 919
501 mix 255 457 484 496 497 498 499 500 535 625 744 903
502 moa 89 422 486 503 504 505 506 507 508 509 510 511 512
503 mob 90 133 258 298 343 398 423 458 502 504 505 506 507 508 509 510 511 512 536 690 748 921
504 mod 91 134 299 345 459 476 487 496 502 503 505 506 507 508 509 510 511 512 513 537 628 692 749 808 922
505 mog 92 135 178 260 300 347 399 460 477 497 502 503 504 506 507 508 509 510 511 512 514 538 810 890
506 mom 137 180 489 499 502 503 504 505 507 508 509 510 511 512 515 631 811 923
507 moo 95 139 301 350 461 495 502 503 504 505 506 508 509 510 511 512 695 752 813 893 936
508 mop 96 140 261 351 462 480 502 503 504 505 506 507 509 510 511 512 633 753 814 894
509 mor 262 463 481 491 502 503 504 505 506 507 508 510 511 512 541 815
510 mos 141 219 400 464 502 503 504 505 506 507 508 509 511 512 754
511 mot 97 142 182 302 352 401 465 482 492 502 503 504 505 506 507 508 509 510 512 542 634 696 755 816 895
512 mow 98 143 353 402 466 483 494 502 503 504 505 506 507 508 509 510 511 543 635 698 757 817 865 896 926
513 mud 52 106 151 185 359 386 469 476 487 496 504 514 515 643
514 mug 107 187 361 404 470 477 497 505 513 515 644 702 824
515 mum 109 153 268 305 363 471 489 499 506 513 514 656 704 765 826
516 nab 116 157 234 272 388 425 517 518 519 520 521 522 530 536 546 774
517 nae 315 516 518 519 520 521 523 550
518 nag 64 236 274 316 389 427 477 516 517 519 520 521 538 660 710 776 868 929
519 nap 68 120 278 319 430 480 516 517 518 520 521 533 599 665 711 781 911 930
520 naw 123 162 322 393 434 483 516 517 518 519 521 527 543 605 667 714 786 873 912
521 nay 72 124 163 241 282 323 394 436 485 516 517 518 519 520 528 607 668 716 875
522 neb 516 523 524 525 526 527 528 529 530 536 546 669 876
523 nee 75 243 284 324 440 488 517 522 524 525 526 527 528 529 550 609 672 720 790 852 878 932
524 nek 443 522 523 525 526 527 528 529
525 neo 522 523 524 526 527 528 529
526 net 79 288 395 445 492 522 523 524 525 527 528 529 534 542 548 615 677 726 854 880 917
527 new 165 245 331 414 494 520 522 523 524 525 526 528 529 543 616 679 727 918
528 ney 80 166 246 289 333 416 449 521 522 523 524 525 526 527 529 680 729
529 nez 247 522 523 524 525 526 527 528
530 nib 81 248 290 396 450 516 522 531 532 533 534 535 536 546 683 734
531 nil 14 130 498 530 532 533 534 535 567 802
532 nim 15 170 337 499 530 531 533 534 535 686 860
533 nip 173 295 339 419 454 519 530 531 532 534 535 623 688 740 804 920 935
534 nit 18 87 131 254 296 341 420 455 526 530 531 532 533 535 542 548 624 689 743 805 887
535 nix 255 457 501 530 531 532 533 534 544 549 551 625 744 903
536 nob 90 133 258 298 343 398 423 458 503 516 522 530 537 538 539 540 541 542 543 544 546 690 748 921
537 nod 91 134 299 345 459 504 536 538 539 540 541 542 543 544 628 692 749 808 922
538 nog 92 135 178 260 300 347 399 460 505 518 536 537 539 540 541 542 543 544 810 890
539 noh 93 179 536 537 538 540 541 542 543 544 545 575 750
540 non 94 138 181 218 349 380 536 537 538 539 541 542 543 544 547 632 751 812 864 892 924
541 nor 262 463 509 536 537 538 539 540 542 543 544 815
542 not 97 142 182 302 352 401 465 511 526 534 536 537 538 539 540 541 543 544 548 634 696 755 816 895
543 now 98 143 353 402 466 512 520 527 536 537 538 539 540 541 542 544 635 698 757 817 865 896 926
544 nox 99 144 264 467 535 536 537 538 539 540 541 542 543 549 551 636 758 866
545 nth 539
546 nub 105 150 184 358 516 522 530 536 547 548 549 642 700 763 823
547 nun 110 188 269 306 540 546 548 549 646 705 766 827
548 nut 113 156 308 366 406 526 534 542 546 547 549 587 649 706 829
549 nux 54 191 228 472 535 544 546 547 548 551 830
550 nye 59 115 192 233 475 517 523 551 652 707 832 899
551 nyx 535 544 549 550 654
552 oaf 553 554 555 562 574 659
553 oak 159 552 554 555 909
554 oar 69 121 193 238 279 392 481 552 553 555 586 600 782 871
555 oat 71 122 194 239 281 321 407 432 482 552 553 554 563 578 583 587 592 602 666 712 783 850
556 oba 557 558 568 579 588
557 obi 556 585
558 oca 556 559 568 579 588
559 och 196 558 575
560 odd 4 561 570
561 ode 198 369 560 569 572 576 582 589
562 off 201 552 563 574 881
563 oft 8 202 555 562 578 583 587 592
564 ohm 565 566 571
565 oho 495 564 566 584 593 681 732 797 882
566 ohs 564 565 573 577 594
567 oil 14 130 498 531 590 802
568 oka 556 558 569 579 588
569 oke 206 561 568 572 576 582 589
570 old 207 560 571
571 olm 211 564 570
572 one 31 561 569 573 576 582 589 840
573 ons 217 378 566 572 577 594
574 oof 552 562 575
575 ooh 93 179 539 559 574 750
576 ope 36 561 569 572 577 578 582 589
577 ops 566 573 576 578 594 843
578 opt 38 555 563 576 577 583 587 592 699
579 ora 39 103 220 556 558 568 580 581 582 583 588
580 orb 579 581 582 583
581 orc 40 579 580 582 583
582 ore 41 221 381 561 569 572 576 579 580 581 583 589 638 844
583 ort 45 555 563 578 579 580 581 582 587 592
584 oso 48 384 565 593 821
585 oui 557 586 587 825
586 our 111 155 270 307 554 585 587 769
587 out 113 156 308 366 406 548 555 563 578 583 585 586 592 649 706 829
588 ova 556 558 568 579
589 owe 55 230 561 569 572 576 582 590 591 592
590 owl 56 567 589 591 592
591 own 57 589 590 592
592 owt 555 563 578 583 587 589 590 591
593 oyo 565 584
594 ozs 566 573 577
595 pad 63 117 158 235 273 314 426 476 596 597 598 599 600 601 602 603 604 605 606 607 617 628 643 658 709 775 867
596 pah 65 317 428 595 597 598 599 600 601 602 603 604 605 606 607 661 869 908
597 pal 160 275 478 595 596 598 599 600 601 602 603 604 605 606 607 630 645
598 pan 67 119 237 277 479 595 596 597 599 600 601 602 603 604 605 606 607 611 622 632 646 664 779 848 870
599 pap 68 120 278 319 430 480 519 595 596 597 598 600 601 602 603 604 605 606 607 612 623 633 647 665 711 781 911 930
600 par 69 121 193 238 279 392 481 554 595 596 597 598 599 601 602 603 604 605 606 607 613 782 871
601 pas 70 280 320 431 595 596 597 598 599 600 602 603 604 605 606 607 614 648 849 872
602 pat 71 122 194 239 281 321 407 432 482 555 595 596 597 598 599 600 601 603 604 605 606 607 615 624 634 649 666 712 783 850
603 pau 595 596 597 598 599 600 601 602 604 605 606 607 784
604 pav 433 595 596 597 598 599 600 601 602 603 605 606 607 713 785 851
605 paw 123 162 322 393 434 483 520 595 596 597 598 599 600 601 602 603 604 606 607 616 635 667 714 786 873 912
606 pax 240 435 484 595 596 597 598 599 600 601 602 603 604 605 607 625 636 654 715 787 874
607 pay 72 124 163 241 282 323 394 436 485 521 595 596 597 598 599 600 601 602 603 604 605 606 626 640 650 668 716 875
608 pea 73 408 438 486 609 610 611 612 613 614 615 616 627 651 718 788 913
609 pee 75 243 284 324 440 488 523 608 610 611 612 613 614 615 616 620 638 652 672 720 790 852 878 932
610 peg 76 199 411 441 608 609 611 612 613 614 615 616 621 644 721 792 853
611 pen 164 244 287 328 412 490 598 608 609 610 612 613 614 615 616 622 632 646 723 794 879 914
612 pep 125 329 413 599 608 609 610 611 613 614 615 616 623 633 647 674 915
613 per 330 491 600 608 609 610 611 612 614 615 616 725 795
614 pes 78 444 601 608 609 610 611 612 613 615 616 648 676 916
615 pet 79 288 395 445 492 526 602 608 609 610 611 612 613 614 616 624 634 649 677 726 854 880 917
616 pew 165 245 331 414 494 527 605 608 609 610 611 612 613 614 615 635 679 727 918
617 phd 595 618 628 643
618 phi 126 617 629 641
619 pic 127 334 620 621 622 623 624 625 735 800 857
620 pie 168 250 292 336 452 609 619 621 622 623 624 625 638 652 737 801 858
621 pig 83 128 169 251 293 397 497 610 619 620 622 623 624 625 644 685 738 884 934
622 pin 16 84 171 205 252 294 338 418 500 598 611 619 620 621 623 624 625 632 646 687 739 803 885 919
623 pip 173 295 339 419 454 533 599 612 619 620 621 622 624 625 633 647 688 740 804 920 935
624 pit 18 87 131 254 296 341 420 455 534 602 615 619 620 621 622 623 625 634 649 689 743 805 887
625 pix 255 457 501 535 606 619 620 621 622 623 624 636 654 744 903
626 ply 257 607 640 650 747
627 pma 608 651
628 pod 91 134 299 345 459 504 537 595 617 629 630 631 632 633 634 635 636 643 692 749 808 922
629 poi 348 618 628 630 631 632 633 634 635 636 641 694
630 pol 136 597 628 629 631 632 633 634 635 636 645
631 pom 137 180 506 628 629 630 632 633 634 635 636 637 653 811 923
632 pon 94 138 181 218 349 380 540 598 611 622 628 629 630 631 633 634 635 636 646 751 812 864 892 924
633 pop 96 140 261 351 462 508 599 612 623 628 629 630 631 632 634 635 636 647 753 814 894
634 pot 97 142 182 302 352 401 465 511 542 602 615 624 628 629 630 631 632 633 635 636 649 696 755 816 895
635 pow 98 143 353 402 466 512 543 605 616 628 629 630 631 632 633 634 636 698 757 817 865 896 926
636 pox 99 144 264 467 544 606 625 628 629 630 631 632 633 634 635 654 758 866
637 ppm 631 653
638 pre 41 221 381 582 609 620 639 640 652 844
639 pro 265 638 640
640 pry 149 183 266 607 626 638 639 650 820 897
641 psi 356 618 629
642 pub 105 150 184 358 546 643 644 645 646 647 648 649 650 700 763 823
643 pud 52 106 151 185 359 386 469 513 595 617 628 642 644 645 646 647 648 649 650
644 pug 107 187 361 404 470 514 610 621 642 643 645 646 647 648 649 650 702 824
645 pul 108 304 597 630 642 643 644 646 647 648 649 650
646 pun 110 188 269 306 547 598 611 622 632 642 643 644 645 647 648 649 650 705 766 827
647 pup 154 190 364 599 612 623 633 642 643 644 645 646 648 649 650 768 828 928
648 pus 112 365 405 601 614 642 643 644 645 646 647 649 650 898
649 put 113 156 308 366 406 548 587 602 615 624 634 642 643 644 645 646 647 648 650 706 829
650 puy 114 310 607 626 640 642 643 644 645 646 647 648 649
651 pya 608 627 652 653 654
652 pye 59 115 192 233 475 550 609 620 638 651 653 654 707 832 899
653 pym 311 631 637 651 652 654 771
654 pyx 551 606 625 636 651 652 653
655 qua 357 656 657
656 qum 109 153 268 305 363 471 515 655 657 704 765 826
657 quo 189 655 656 767
658 rad 63 117 158 235 273 314 426 476 595 659 660 661 662 663 664 665 666 667 668 671 684 692 709 775 867
659 raf 552 658 660 661 662 663 664 665 666 667 668 673
660 rag 64 236 274 316 389 427 477 518 658 659 661 662 663 664 665 666 667 668 685 702 710 776 868 929
661 rah 65 317 428 596 658 659 660 662 663 664 665 666 667 668 703 869 908
662 raj 658 659 660 661 663 664 665 666 667 668 777
663 ram 66 118 161 276 318 391 429 658 659 660 661 662 664 665 666 667 668 686 704 778 910
664 ran 67 119 237 277 479 598 658 659 660 661 662 663 665 666 667 668 687 705 779 848 870
665 rap 68 120 278 319 430 480 519 599 658 659 660 661 662 663 664 666 667 668 674 688 711 781 911 930
666 rat 71 122 194 239 281 321 407 432 482 555 602 658 659 660 661 662 663 664 665 667 668 677 689 696 699 706 712 783 850
667 raw 123 162 322 393 434 483 520 605 658 659 660 661 662 663 664 665 666 668 679 698 714 786 873 912
668 ray 72 124 163 241 282 323 394 436 485 521 607 658 659 660 661 662 663 664 665 666 667 680 716 875
669 reb 522 670 671 672 673 674 675 676 677 678 679 680 683 690 700 876
670 rec 283 669 671 672 673 674 675 676 677 678 679 680 691 719
671 red 74 242 409 439 487 658 669 670 672 673 674 675 676 677 678 679 680 684 692 789 877 931
672 ree 75 243 284 324 440 488 523 609 669 670 671 673 674 675 676 677 678 679 680 693 701 707 720 790 852 878 932
673 ref 410 659 669 670 671 672 674 675 676 677 678 679 680 791
674 rep 125 329 413 612 665 669 670 671 672 673 675 676 677 678 679 680 688 915
675 req 669 670 671 672 673 674 676 677 678 679 680 724
676 res 78 444 614 669 670 671 672 673 674 675 677 678 679 680 916
677 ret 79 288 395 445 492 526 615 666 669 670 671 672 673 674 675 676 678 679 680 689 696 699 706 726 854 880 917
678 rev 447 669 670 671 672 673 674 675 676 677 679 680
679 rew 165 245 331 414 494 527 616 667 669 670 671 672 673 674 675 676 677 678 680 698 727 918
680 rey 80 166 246 289 333 416 449 528 668 669 670 671 672 673 674 675 676 677 678 679 729
681 rho 495 565 695 732 797 882
682 ria 683 684 685 686 687 688 689 799 856 933
683 rib 81 248 290 396 450 530 669 682 684 685 686 687 688 689 690 700 734
684 rid 13 82 167 249 291 335 417 451 496 658 671 682 683 685 686 687 688 689 692 736
685 rig 83 128 169 251 293 397 497 621 660 682 683 684 686 687 688 689 702 738 884 934
686 rim 15 170 337 499 532 663 682 683 684 685 687 688 689 704 860
687 rin 16 84 171 205 252 294 338 418 500 622 664 682 683 684 685 686 688 689 705 739 803 885 919
688 rip 173 295 339 419 454 533 623 665 674 682 683 684 685 686 687 689 740 804 920 935
689 rit 18 87 131 254 296 341 420 455 534 624 666 677 682 683 684 685 686 687 688 696 699 706 743 805 887
690 rob 90 133 258 298 343 398 423 458 503 536 669 683 691 692 693 694 695 696 697 698 700 748 921
691 roc 176 344 670 690 692 693 694 695 696 697 698
692 rod 91 134 299 345 459 504 537 628 658 671 684 690 691 693 694 695 696 697 698 749 808 922
693 roe 177 259 346 672 690 691 692 694 695 696 697 698 701 707 809 889
694 roi 348 629 690 691 692 693 695 696 697 698
695 roo 95 139 301 350 461 507 681 690 691 692 693 694 696 697 698 752 813 893 936
696 rot 97 142 182 302 352 401 465 511 542 634 666 677 689 690 691 692 693 694 695 697 698 699 706 755 816 895
697 rou 263 690 691 692 693 694 695 696 698 756 925
698 row 98 143 353 402 466 512 543 635 667 679 690 691 692 693 694 695 696 697 757 817 865 896 926
699 rpt 38 578 666 677 689 696 706
700 rub 105 150 184 358 546 642 669 683 690 701 702 703 704 705 706 763 823
701 rue 152 186 360 672 693 700 702 703 704 705 706 707 764
702 rug 107 187 361 404 470 514 644 660 685 700 701 703 704 705 706 824
703 ruh 362 661 700 701 702 704 705 706
704 rum 109 153 268 305 363 471 515 656 663 686 700 701 702 703 705 706 765 826
705 run 110 188 269 306 547 646 664 687 700 701 702 703 704 706 766 827
706 rut 113 156 308 366 406 548 587 649 666 677 689 696 699 700 701 702 703 704 705 829
707 rye 59 115 192 233 475 550 652 672 693 701 832 899
708 sac 313 709 710 711 712 713 714 715 716 717 719 735
709 sad 63 117 158 235 273 314 426 476 595 658 708 710 711 712 713 714 715 716 736 749 775 867
710 sag 64 236 274 316 389 427 477 518 660 708 709 711 712 713 714 715 716 721 738 776 868 929
711 sap 68 120 278 319 430 480 519 599 665 708 709 710 712 713 714 715 716 740 753 768 781 911 930
712 sat 71 122 194 239 281 321 407 432 482 555 602 666 708 709 710 711 713 714 715 716 726 743 755 783 850
713 sav 433 604 708 709 710 711 712 714 715 716 785 851
714 saw 123 162 322 393 434 483 520 605 667 708 709 710 711 712 713 715 716 727 757 786 873 912
715 sax 240 435 484 606 708 709 710 711 712 713 714 716 728 744 758 787 874
716 say 72 124 163 241 282 323 394 436 485 521 607 668 708 709 710 711 712 713 714 715 729 733 746 747 759 761 762 770 875
717 scc 708 719 735
718 sea 73 408 438 486 608 719 720 721 722 723 724 725 726 727 728 729 760 788 913
719 sec 283 670 708 717 718 720 721 722 723 724 725 726 727 728 729 735
720 see 75 243 284 324 440 488 523 609 672 718 719 721 722 723 724 725 726 727 728 729 730 737 764 790 852 878 932
721 seg 76 199 411 441 610 710 718 719 720 722 723 724 725 726 727 728 729 738 792 853
722 sei 442 718 719 720 721 723 724 725 726 727 728 729 745
723 sen 164 244 287 328 412 490 611 718 719 720 721 722 724 725 726 727 728 729 739 751 766 794 879 914
724 seq 675 718 719 720 721 722 723 725 726 727 728 729
725 ser 330 491 613 718 719 720 721 722 723 724 726 727 728 729 741 769 772 795
726 set 79 288 395 445 492 526 615 677 712 718 719 720 721 722 723 724 725 727 728 729 743 755 854 880 917
727 sew 165 245 331 414 494 527 616 679 714 718 719 720 721 722 723 724 725 726 728 729 757 918
728 sex 332 415 448 715 718 719 720 721 722 723 724 725 726 727 729 744 758 855
729 sey 80 166 246 289 333 416 449 528 680 716 718 719 720 721 722 723 724 725 726 727 728 733 746 747 759 761 762 770
730 she 720 731 732 733 737 764 796
731 shh 730 732 733 750
732 sho 495 565 681 730 731 733 752 767 797 882
733 shy 716 729 730 731 732 746 747 759 761 762 770 798 883
734 sib 81 248 290 396 450 530 683 735 736 737 738 739 740 741 742 743 744 748 763
735 sic 127 334 619 708 717 719 734 736 737 738 739 740 741 742 743 744 800 857
736 sid 13 82 167 249 291 335 417 451 496 684 709 734 735 737 738 739 740 741 742 743 744 749
737 sie 168 250 292 336 452 620 720 730 734 735 736 738 739 740 741 742 743 744 764 801 858
738 sig 83 128 169 251 293 397 497 621 685 710 721 734 735 736 737 739 740 741 742 743 744 884 934
739 sin 16 84 171 205 252 294 338 418 500 622 687 723 734 735 736 737 738 740 741 742 743 744 751 766 803 885 919
740 sip 173 295 339 419 454 533 623 688 711 734 735 736 737 738 739 741 742 743 744 753 768 804 920 935
741 sir 17 253 725 734 735 736 737 738 739 740 742 743 744 769 772
742 sis 86 340 734 735 736 737 738 739 740 741 743 744 754 773 861 886
743 sit 18 87 131 254 296 341 420 455 534 624 689 712 726 734 735 736 737 738 739 740 741 742 744 755 805 887
744 six 255 457 501 535 625 715 728 734 735 736 737 738 739 740 741 742 743 758 903
745 ski 722 746
746 sky 716 729 733 745 747 759 761 762 770
747 sly 257 626 716 729 733 746 759 761 762 770
748 sob 90 133 258 298 343 398 423 458 503 536 690 734 749 750 751 752 753 754 755 756 757 758 759 763 921
749 sod 91 134 299 345 459 504 537 628 692 709 736 748 750 751 752 753 754 755 756 757 758 759 808 922
750 soh 93 179 539 575 731 748 749 751 752 753 754 755 756 757 758 759
751 son 94 138 181 218 349 380 540 632 723 739 748 749 750 752 753 754 755 756 757 758 759 766 812 864 892 924
752 soo 95 139 301 350 461 507 695 732 748 749 750 751 753 754 755 756 757 758 759 767 813 893 936
753 sop 96 140 261 351 462 508 633 711 740 748 749 750 751 752 754 755 756 757 758 759 768 814 894
754 sos 141 219 400 464 510 742 748 749 750 751 752 753 755 756 757 758 759 773
755 sot 97 142 182 302 352 401 465 511 542 634 696 712 726 743 748 749 750 751 752 753 754 756 757 758 759 816 895
756 sou 263 697 748 749 750 751 752 753 754 755 757 758 759 925
757 sow 98 143 353 402 466 512 543 635 698 714 727 748 749 750 751 752 753 754 755 756 758 759 817 865 896 926
758 sox 99 144 264 467 544 636 715 728 744 748 749 750 751 752 753 754 755 756 757 759 866
759 soy 100 145 303 354 403 468 716 729 733 746 747 748 749 750 751 752 753 754 755 756 757 758 761 762 770 818
760 spa 718 761
761 spy 716 729 733 746 747 759 760 762 770
762 sty 716 729 733 746 747 759 761 770 822
763 sub 105 150 184 358 546 642 700 734 748 764 765 766 767 768 769 823
764 sue 152 186 360 701 720 730 737 763 765 766 767 768 769
765 sum 109 153 268 305 363 471 515 656 704 763 764 766 767 768 769 771 826
766 sun 110 188 269 306 547 646 705 723 739 751 763 764 765 767 768 769 827
767 suo 189 657 732 752 763 764 765 766 768 769
768 sup 154 190 364 647 711 740 753 763 764 765 766 767 769 828 928
769 sur 111 155 270 307 586 725 741 763 764 765 766 767 768 772
770 swy 716 729 733 746 747 759 761 762
771 sym 311 653 765 772 773
772 syr 60 725 741 769 771 773 833
773 sys 742 754 771 772
774 tab 116 157 234 272 388 425 516 775 776 777 778 779 780 781 782 783 784 785 786 787 823
775 tad 63 117 158 235 273 314 426 476 595 658 709 774 776 777 778 779 780 781 782 783 784 785 786 787 789 808 867
776 tag 64 236 274 316 389 427 477 518 660 710 774 775 777 778 779 780 781 782 783 784 785 786 787 792 810 824 868 929
777 taj 662 774 775 776 778 779 780 781 782 783 784 785 786 787
778 tam 66 118 161 276 318 391 429 663 774 775 776 777 779 780 781 782 783 784 785 786 787 811 826 910
779 tan 67 119 237 277 479 598 664 774 775 776 777 778 780 781 782 783 784 785 786 787 794 803 812 827 848 870
780 tao 774 775 776 777 778 779 781 782 783 784 785 786 787 797 813 821 831
781 tap 68 120 278 319 430 480 519 599 665 711 774 775 776 777 778 779 780 782 783 784 785 786 787 804 814 828 911 930
782 tar 69 121 193 238 279 392 481 554 600 774 775 776 777 778 779 780 781 783 784 785 786 787 795 815 833 871
783 tat 71 122 194 239 281 321 407 432 482 555 602 666 712 774 775 776 777 778 779 780 781 782 784 785 786 787 805 816 829 850
784 tau 603 774 775 776 777 778 779 780 781 782 783 785 786 787 806
785 tav 433 604 713 774 775 776 777 778 779 780 781 782 783 784 786 787 807 851
786 taw 123 162 322 393 434 483 520 605 667 714 774 775 776 777 778 779 780 781 782 783 784 785 787 817 873 912
787 tax 240 435 484 606 715 774 775 776 777 778 779 780 781 782 783 784 785 786 830 874
788 tea 73 408 438 486 608 718 789 790 791 792 793 794 795 799 913
789 ted 74 242 409 439 487 671 775 788 790 791 792 793 794 795 808 877 931
790 tee 75 243 284 324 440 488 523 609 672 720 788 789 791 792 793 794 795 796 801 809 832 852 878 932
791 tef 410 673 788 789 790 792 793 794 795
792 teg 76 199 411 441 610 721 776 788 789 790 791 793 794 795 810 824 853
793 tel 77 200 285 326 788 789 790 791 792 794 795 802
794 ten 164 244 287 328 412 490 611 723 779 788 789 790 791 792 793 795 803 812 827 879 914
795 ter 330 491 613 725 782 788 789 790 791 792 793 794 815 833
796 the 730 790 797 798 801 809 832
797 tho 495 565 681 732 780 796 798 813 821 831 882
798 thy 733 796 797 818 820 822 883
799 tia 682 788 800 801 802 803 804 805 806 807 856 933
800 tic 127 334 619 735 799 801 802 803 804 805 806 807 857
801 tie 168 250 292 336 452 620 737 790 796 799 800 802 803 804 805 806 807 809 832 858
802 til 14 130 498 531 567 793 799 800 801 803 804 805 806 807
803 tin 16 84 171 205 252 294 338 418 500 622 687 739 779 794 799 800 801 802 804 805 806 807 812 827 885 919
804 tip 173 295 339 419 454 533 623 688 740 781 799 800 801 802 803 805 806 807 814 828 920 935
805 tit 18 87 131 254 296 341 420 455 534 624 689 743 783 799 800 801 802 803 804 806 807 816 829 887
806 tiu 174 456 784 799 800 801 802 803 804 805 807
807 tiv 132 175 785 799 800 801 802 803 804 805 806 902
808 tod 91 134 299 345 459 504 537 628 692 749 775 789 809 810 811 812 813 814 815 816 817 818 922
809 toe 177 259 346 693 790 796 801 808 810 811 812 813 814 815 816 817 818 832 889
810 tog 92 135 178 260 300 347 399 460 505 538 776 792 808 809 811 812 813 814 815 816 817 818 824 890
811 tom 137 180 506 631 778 808 809 810 812 813 814 815 816 817 818 826 923
812 ton 94 138 181 218 349 380 540 632 751 779 794 803 808 809 810 811 813 814 815 816 817 818 827 864 892 924
813 too 95 139 301 350 461 507 695 752 780 797 808 809 810 811 812 814 815 816 817 818 821 831 893 936
814 top 96 140 261 351 462 508 633 753 781 804 808 809 810 811 812 813 815 816 817 818 828 894
815 tor 262 463 509 541 782 795 808 809 810 811 812 813 814 816 817 818 833
816 tot 97 142 182 302 352 401 465 511 542 634 696 755 783 805 808 809 810 811 812 813 814 815 817 818 829 895
817 tow 98 143 353 402 466 512 543 635 698 757 786 808 809 810 811 812 813 814 815 816 818 865 896 926
818 toy 100 145 303 354 403 468 759 798 808 809 810 811 812 813 814 815 816 817 820 822
819 tri 820 825
820 try 149 183 266 640 798 818 819 822 897
821 tso 48 384 584 780 797 813 831
822 tty 762 798 818 820
823 tub 105 150 184 358 546 642 700 763 774 824 825 826 827 828 829 830
824 tug 107 187 361 404 470 514 644 702 776 792 810 823 825 826 827 828 829 830
825 tui 585 819 823 824 826 827 828 829 830
826 tum 109 153 268 305 363 471 515 656 704 765 778 811 823 824 825 827 828 829 830
827 tun 110 188 269 306 547 646 705 766 779 794 803 812 823 824 825 826 828 829 830
828 tup 154 190 364 647 768 781 804 814 823 824 825 826 827 829 830 928
829 tut 113 156 308 366 406 548 587 649 706 783 805 816 823 824 825 826 827 828 830
830 tux 54 191 228 472 549 787 823 824 825 826 827 828 829
831 two 780 797 813 821
832 tye 59 115 192 233 475 550 652 707 790 796 801 809 833 899
833 tyr 60 772 782 795 815 832
834 udo 5 837 842
835 ufa 836 837
836 ufd 835 837
837 ufo 834 835 836 842
838 ugh 
839 ump 27 375
840 une 31 572 841 842 844 846 847
841 uni 32 840 842
842 uno 834 837 840 841
843 ups 577
844 ure 41 221 381 582 638 840 845 846 847
845 urn 844
846 use 840 844 847
847 ute 51 840 844 846
848 van 67 119 237 277 479 598 664 779 849 850 851 864 870
849 vas 70 280 320 431 601 848 850 851 861 863 872
850 vat 71 122 194 239 281 321 407 432 482 555 602 666 712 783 848 849 851 854
851 vav 433 604 713 785 848 849 850
852 vee 75 243 284 324 440 488 523 609 672 720 790 853 854 855 858 878 932
853 veg 76 199 411 441 610 721 792 852 854 855
854 vet 79 288 395 445 492 526 615 677 726 850 852 853 855 880 917
855 vex 332 415 448 728 852 853 854 866
856 via 682 799 857 858 859 860 861 862 933
857 vic 127 334 619 735 800 856 858 859 860 861 862
858 vie 168 250 292 336 452 620 737 801 852 856 857 859 860 861 862
859 vii 129 371 453 856 857 858 860 861 862 901
860 vim 15 170 337 499 532 686 856 857 858 859 861 862
861 vis 86 340 742 849 856 857 858 859 860 862 863 886
862 viz 88 421 856 857 858 859 860 861 888
863 vms 28 214 849 861
864 von 94 138 181 218 349 380 540 632 751 812 848 865 866 892 924
865 vow 98 143 353 402 466 512 543 635 698 757 817 864 866 896 926
866 vox 99 144 264 467 544 636 758 855 864 865
867 wad 63 117 158 235 273 314 426 476 595 658 709 775 868 869 870 871 872 873 874 875 877
868 wag 64 236 274 316 389 427 477 518 660 710 776 867 869 870 871 872 873 874 875 884 890 929
869 wah 65 317 428 596 661 867 868 870 871 872 873 874 875 908
870 wan 67 119 237 277 479 598 664 779 848 867 868 869 871 872 873 874 875 879 885 892
871 war 69 121 193 238 279 392 481 554 600 782 867 868 869 870 872 873 874 875
872 was 70 280 320 431 601 849 867 868 869 870 871 873 874 875 886 898
873 waw 123 162 322 393 434 483 520 605 667 714 786 867 868 869 870 871 872 874 875 896 912
874 wax 240 435 484 606 715 787 867 868 869 870 871 872 873 875
875 way 72 124 163 241 282 323 394 436 485 521 607 668 716 867 868 869 870 871 872 873 874 883 897
876 web 522 669 877 878 879 880
877 wed 74 242 409 439 487 671 789 867 876 878 879 880 931
878 wee 75 243 284 324 440 488 523 609 672 720 790 852 876 877 879 880 889 899 932
879 wen 164 244 287 328 412 490 611 723 794 870 876 877 878 880 885 892 914
880 wet 79 288 395 445 492 526 615 677 726 854 876 877 878 879 887 895 917
881 wff 201 562
882 who 495 565 681 732 797 883 893
883 why 733 798 875 882 897
884 wig 83 128 169 251 293 397 497 621 685 738 868 885 886 887 888 890 934
885 win 16 84 171 205 252 294 338 418 500 622 687 739 803 870 879 884 886 887 888 892 919
886 wis 86 340 742 861 872 884 885 887 888 898
887 wit 18 87 131 254 296 341 420 455 534 624 689 743 805 880 884 885 886 888 895
888 wiz 88 421 862 884 885 886 887
889 woe 177 259 346 693 809 878 890 891 892 893 894 895 896 899
890 wog 92 135 178 260 300 347 399 460 505 538 810 868 884 889 891 892 893 894 895 896
891 wok 889 890 892 893 894 895 896
892 won 94 138 181 218 349 380 540 632 751 812 864 870 879 885 889 890 891 893 894 895 896 924
893 woo 95 139 301 350 461 507 695 752 813 882 889 890 891 892 894 895 896 936
894 wop 96 140 261 351 462 508 633 753 814 889 890 891 892 893 895 896
895 wot 97 142 182 302 352 401 465 511 542 634 696 755 816 880 887 889 890 891 892 893 894 896
896 wow 98 143 353 402 466 512 543 635 698 757 817 865 873 889 890 891 892 893 894 895 926
897 wry 149 183 266 640 820 875 883
898 wus 112 365 405 648 872 886
899 wye 59 115 192 233 475 550 652 707 832 878 889
900 xci 901 904 905
901 xii 129 371 453 859 900 902 903 904 905
902 xiv 132 175 807 901 903 906
903 xix 255 457 501 535 625 744 901 902 907
904 xvi 473 900 901 905
905 xxi 474 900 901 904 906 907
906 xxv 902 905 907
907 xxx 903 905 906
908 yah 65 317 428 596 661 869 909 910 911 912
909 yak 159 553 908 910 911 912 927
910 yam 66 118 161 276 318 391 429 663 778 908 909 911 912 923
911 yap 68 120 278 319 430 480 519 599 665 711 781 908 909 910 912 915 920 928 930
912 yaw 123 162 322 393 434 483 520 605 667 714 786 873 908 909 910 911 918 926
913 yea 73 408 438 486 608 718 788 914 915 916 917 918
914 yen 164 244 287 328 412 490 611 723 794 879 913 915 916 917 918 919 924
915 yep 125 329 413 612 674 911 913 914 916 917 918 920 928
916 yes 78 444 614 676 913 914 915 917 918
917 yet 79 288 395 445 492 526 615 677 726 854 880 913 914 915 916 918
918 yew 165 245 331 414 494 527 616 679 727 912 913 914 915 916 917 926
919 yin 16 84 171 205 252 294 338 418 500 622 687 739 803 885 914 920 924
920 yip 173 295 339 419 454 533 623 688 740 804 911 915 919 928 935
921 yob 90 133 258 298 343 398 423 458 503 536 690 748 922 923 924 925 926
922 yod 91 134 299 345 459 504 537 628 692 749 808 921 923 924 925 926
923 yom 137 180 506 631 811 910 921 922 924 925 926
924 yon 94 138 181 218 349 380 540 632 751 812 864 892 914 919 921 922 923 925 926
925 you 263 697 756 921 922 923 924 926
926 yow 98 143 353 402 466 512 543 635 698 757 817 865 896 912 918 921 922 923 924 925
927 yuk 53 909 928
928 yup 154 190 364 647 768 828 911 915 920 927
929 zag 64 236 274 316 389 427 477 518 660 710 776 868 930 934
930 zap 68 120 278 319 430 480 519 599 665 711 781 911 929 935
931 zed 74 242 409 439 487 671 789 877 932
932 zee 75 243 284 324 440 488 523 609 672 720 790 852 878 931
933 zia 682 799 856 934 935
934 zig 83 128 169 251 293 397 497 621 685 738 884 929 933 935
935 zip 173 295 339 419 454 533 623 688 740 804 920 930 933 934
936 zoo 95 139 301 350 461 507 695 752 813 893
